run_id: 1768979098855_1d08a1ff95
ts: 1768979098.8549995
prompt_hash: 1d08a1ff95
img_hash: 56a8a8fabcea

stage_times (s):
  IG: 10.911694
  GTI: 5.363152
  IGR: 4.989602
  TI: 8.315178
  SC: 5.801766
  AP: 3.850246
  EXEC: 8.1e-05
  SR: 1.32216

final_answer: Answer: C

errors:
  {"stage": "SC", "type": "warning_missing_optional", "missing": ["tags"]}
