run_id: 1768979147302_0bd4a1ab97
ts: 1768979147.3026564
prompt_hash: 0bd4a1ab97
img_hash: f4e0c08abffa

stage_times (s):
  IG: 5.762861
  GTI: 6.245825
  IGR: 6.477849
  TI: 4.875578
  SC: 2.715524
  AP: 4.216544
  EXEC: 0.000165
  SR: 1.395677

final_answer: Answer: 25

errors:
  {"stage": "SC", "type": "warning_missing_optional", "missing": ["tags"]}
