run_id: 1768979183239_68aa499365
ts: 1768979183.2391655
prompt_hash: 68aa499365
img_hash: f6272c7a7609

stage_times (s):
  IG: 6.895296
  GTI: 7.607002
  IGR: 5.719557
  TI: 5.482276
  SC: 9.018301
  AP: 1.917943
  EXEC: 0.000553
  SR: 0.945212

final_answer: Answer: B

errors:
  {"stage": "SC", "type": "warning_missing_optional", "missing": ["tags"]}
