run_id: 1768979059356_c998344c32
ts: 1768979059.3568707
prompt_hash: c998344c32
img_hash: 11905bd8ff0d

stage_times (s):
  IG: 4.519683
  GTI: 5.034386
  IGR: 3.158215
  TI: 8.122635
  SC: 4.77302
  AP: 5.569477
  EXEC: 0.00031
  SR: 1.332024

final_answer: Answer: 500

errors:
  {"stage": "SC", "type": "warning_missing_optional", "missing": ["tags"]}
