run_id: 1768979228524_553d91fd37
ts: 1768979228.5241501
prompt_hash: 553d91fd37
img_hash: b66d56187399

stage_times (s):
  IG: 8.666089
  GTI: 5.004027
  IGR: 5.803381
  TI: 6.306173
  SC: 2.034354
  AP: 3.232866
  EXEC: 0.000253
  SR: 1.960853

final_answer: Answer: A

errors:
  {"stage": "SC", "type": "warning_missing_optional", "missing": ["tags"]}
