run_id: 1768979265362_22879a68c5
ts: 1768979265.362956
prompt_hash: 22879a68c5
img_hash: 77b300c1ce6d

stage_times (s):
  IG: 6.043233
  GTI: 5.518387
  IGR: 6.668146
  TI: 4.518423
  SC: 4.277564
  AP: 4.544214
  EXEC: 0.000176
  SR: 1.389245

final_answer: Answer: C

errors:
  {"stage": "SC", "type": "warning_missing_optional", "missing": ["tags"]}
