run_id: 1768979304593_dbd70c536e
ts: 1768979304.5931916
prompt_hash: dbd70c536e
img_hash: d7c548b2c54a

stage_times (s):
  IG: 6.598149
  GTI: 4.082313
  IGR: 4.253524
  TI: 5.480052
  SC: 11.309626
  AP: 4.616178
  EXEC: 0.000217
  SR: 2.180535

final_answer: Answer: B

errors:
  {"stage": "SC", "type": "warning_missing_optional", "missing": ["tags"]}
